#AFS File: FITTING MODEL INFORMATION
#AFS Library Version: 3.00

GLOBAL CONVERGENCE : 1
FIT TYPE : 5
DATA TYPE : 2
MAXIMUM DERIVATIVE ORDER : 0
MAXIMUM BLOCK SIZE : 24

MINIMUM FREQUENCY SPACING : 2.000000e+001

NUMBER OF DATA ROWS : 1
NUMBER OF DATA COLUMNS : -1

NUMBER OF FREQUENCY BLOCKS : 1

- FREQUENCY BLOCK 1
 blackout : 0
 convergence : 1
 frequency block : 1.000000e+009 (0) - 2.000000e+009 (10)
 normalization factor : 1.414214e+009

 - BEST RATIONAL FIT: S[1,1] 
  convergence : 1
  numerator/denominator : 11 / 10
SER Version: 1.00
SER Model: S

FREQUENCY
 MIN : 1.00000000000000e+009 
 MAX : 2.00000000000000e+009
 SCALE : 1.41421356237310e+009
NR_OF_ELEMENTS : 1
 ELEMENT[0] : 1
NR_OF_PORTS : 1
 PORT[1] : 5.00000000000000e+001 +i 0.00000000000000e+000
NR_OF_POLESETS : 1
 ZEROS_POLES[0] : 11 / 10
STATE_EQUATIONS
 SER_A[0][0] : -1.5908807852153322e+000 +i 3.0032789828121964e+000 (1)
 SER_A[0][1] : -1.5908807852153322e+000 +i -3.0032789828121964e+000 (2)
 SER_A[0][2] : -9.0399217329502290e-002 +i 4.3507698525888037e+000 (1)
 SER_A[0][3] : -9.0399217329502290e-002 +i -4.3507698525888037e+000 (2)
 SER_A[0][4] : -2.8989920354830800e-001 +i 5.8092573033882564e+000 (1)
 SER_A[0][5] : -2.8989920354830800e-001 +i -5.8092573033882564e+000 (2)
 SER_A[0][6] : -1.6790495400368775e+000 +i 6.5133737943979320e+000 (1)
 SER_A[0][7] : -1.6790495400368775e+000 +i -6.5133737943979320e+000 (2)
 SER_A[0][8] : -7.2925147812100621e-001 +i 7.5914639787987959e+000 (1)
 SER_A[0][9] : -7.2925147812100621e-001 +i -7.5914639787987959e+000 (2)
 SER_C[0][0] : -5.8969295266486581e+000 +i -1.7552192800820634e+000
 SER_C[0][1] : -5.8969295266486581e+000 +i 1.7552192800820634e+000
 SER_C[0][2] : 3.8986956114536023e-002 +i -1.1297853376425926e-001
 SER_C[0][3] : 3.8986956114536023e-002 +i 1.1297853376425926e-001
 SER_C[0][4] : -1.3302547163802814e-001 +i -4.5305534102768316e-002
 SER_C[0][5] : -1.3302547163802814e-001 +i 4.5305534102768316e-002
 SER_C[0][6] : 1.0327621278536423e+000 +i -3.9905175063480396e+000
 SER_C[0][7] : 1.0327621278536423e+000 +i 3.9905175063480396e+000
 SER_C[0][8] : -1.5784360008088372e-001 +i -8.4410274375798872e-002
 SER_C[0][9] : -1.5784360008088372e-001 +i 8.4410274375798872e-002
 SER_D[0] : 7.3755342294409942e-001
 SER_E[0] : -1.0195453385448701e-002
CONVERGENCE : 0
 ERROR[0] : 6.0712037761369322e-015


