#AFS File: FITTING MODEL INFORMATION
#AFS Library Version: 3.00

GLOBAL CONVERGENCE : 1
FIT TYPE : 5
DATA TYPE : 2
MAXIMUM DERIVATIVE ORDER : 0
MAXIMUM BLOCK SIZE : 24

MINIMUM FREQUENCY SPACING : 2.000000e+001

NUMBER OF DATA ROWS : 1
NUMBER OF DATA COLUMNS : -1

NUMBER OF FREQUENCY BLOCKS : 1

- FREQUENCY BLOCK 1
 blackout : 0
 convergence : 1
 frequency block : 1.000000e+009 (0) - 2.000000e+009 (9)
 normalization factor : 1.414214e+009

 - BEST RATIONAL FIT: S[1,1] 
  convergence : 1
  numerator/denominator : 9 / 10
SER Version: 1.00
SER Model: S

FREQUENCY
 MIN : 1.00000000000000e+009 
 MAX : 2.00000000000000e+009
 SCALE : 1.41421356237310e+009
NR_OF_ELEMENTS : 1
 ELEMENT[0] : 1
NR_OF_PORTS : 1
 PORT[1] : 5.00000000000000e+001 +i 0.00000000000000e+000
NR_OF_POLESETS : 1
 ZEROS_POLES[0] : 9 / 10
STATE_EQUATIONS
 SER_A[0][0] : -2.3349575617782081e+000 +i 3.6086631908738394e+000 (1)
 SER_A[0][1] : -2.3349575617782081e+000 +i -3.6086631908738394e+000 (2)
 SER_A[0][2] : -8.8645411543680219e-002 +i 4.4009210277981605e+000 (1)
 SER_A[0][3] : -8.8645411543680219e-002 +i -4.4009210277981605e+000 (2)
 SER_A[0][4] : -2.3809171709332002e+000 +i 7.0040582913447746e+000 (1)
 SER_A[0][5] : -2.3809171709332002e+000 +i -7.0040582913447746e+000 (2)
 SER_A[0][6] : -1.5211121481687988e+000 +i 8.7898969396734099e+000 (1)
 SER_A[0][7] : -1.5211121481687988e+000 +i -8.7898969396734099e+000 (2)
 SER_A[0][8] : -3.9414796350453818e+000 +i 1.2263761108945713e+001 (1)
 SER_A[0][9] : -3.9414796350453818e+000 +i -1.2263761108945713e+001 (2)
 SER_C[0][0] : -9.2032378057351352e+000 +i 2.8525827643025137e+000
 SER_C[0][1] : -9.2032378057351352e+000 +i -2.8525827643025137e+000
 SER_C[0][2] : -1.4845392135052277e-002 +i -1.1074759888388605e-001
 SER_C[0][3] : -1.4845392135052277e-002 +i 1.1074759888388605e-001
 SER_C[0][4] : -5.0492169168732843e+000 +i -1.0492488727469562e+001
 SER_C[0][5] : -5.0492169168732843e+000 +i 1.0492488727469562e+001
 SER_C[0][6] : 6.4329527785025009e-001 +i -1.7130292480686533e+000
 SER_C[0][7] : 6.4329527785025009e-001 +i 1.7130292480686533e+000
 SER_C[0][8] : 1.0111523751659933e+001 +i -4.3489375977758442e+000
 SER_C[0][9] : 1.0111523751659933e+001 +i 4.3489375977758442e+000
 SER_D[0] : 0.0000000000000000e+000
 SER_E[0] : 0.0000000000000000e+000
CONVERGENCE : 0
 ERROR[0] : 9.5627530596984947e-015


